walk:(15.52169,18.3128,-2.3727)
wait: 3000
leftHand:(18,22,0)
wait: 4000
walk:(7.352128,20.19779,-24.838)
wait: 5000
rightHand:(11,20,-24)
wait: 2000
walk: (-16.81005,18.13869,6.542959)
wait: 3000
leftHand: (-20, 20, 10)