walk:(15.52169,18.3128,-2.3727)
leftHand:(16,19,-2)
wait: 5000
walk:(7.352128,20.19779,-24.838)
wait: 8000
rightHand:(8,20,-24)
wait: 4000
walk: (-16.81005,18.13869,6.542959)